width,height,count
512,512,4717
225,225,320
630,630,80
201,251,53
228,221,50
300,168,49
232,217,48
150,198,43
200,252,42
428,417,40
442,442,39
236,236,39
227,222,38
173,201,36
206,244,34
256,256,31
192,192,31
215,234,28
218,231,28
201,250,27
227,262,26
208,242,24
504,540,23
468,444,23
642,361,22
359,449,22
214,236,21
236,213,19
400,442,19
442,454,17
393,400,17
230,282,17
207,243,17
235,214,16
441,442,16
550,664,16
420,280,16
276,326,16
194,259,15
680,680,14
339,340,13
380,530,12
212,238,12
196,257,12
275,183,12
350,350,9
356,474,9
177,197,9
350,393,7
235,227,5
208,248,5
554,554,5
220,275,5
210,240,4
1024,1024,4
212,237,4
275,301,4
200,223,4
234,224,3
236,243,3
236,251,3
236,295,3
235,229,3
374,370,2
236,270,2
257,307,2
257,248,2
1149,1019,2
201,207,2
341,372,2
341,377,2
252,303,2
239,248,2
239,224,2
238,212,2
441,427,2
236,300,2
341,395,2
236,280,2
236,262,2
330,355,2
236,260,2
343,367,2
236,250,2
351,398,2
455,500,2
472,537,2
366,395,2
472,546,2
474,474,2
480,480,2
236,218,2
491,624,2
235,261,2
235,257,2
259,194,2
262,308,2
416,395,2
273,326,2
323,342,2
318,354,2
315,341,2
315,315,2
314,358,2
402,396,2
313,393,2
312,401,2
409,442,2
369,398,2
306,306,2
305,337,2
304,410,2
300,412,2
369,395,2
300,345,2
300,258,2
338,345,2
411,396,2
295,394,2
291,340,2
290,342,2
290,339,2
235,233,2
286,356,2
278,306,2
200,235,2
367,395,2
200,236,2
289,354,2
209,242,2
213,236,2
213,237,2
234,216,2
214,235,2
217,232,2
507,605,2
224,216,2
630,423,2
852,480,2
208,243,2
591,650,2
215,220,2
206,249,2
221,228,2
219,234,2
528,581,2
205,249,2
214,216,2
216,216,2
232,261,2
224,219,2
534,674,2
205,251,2
226,214,2
728,725,2
645,439,2
206,245,2
722,690,2
211,239,2
530,526,2
853,480,2
204,249,2
234,225,2
234,218,2
212,236,2
209,241,2
502,502,1
411,496,1
825,832,1
410,490,1
630,614,1
629,585,1
626,686,1
626,575,1
622,777,1
825,993,1
648,674,1
685,681,1
652,600,1
407,485,1
360,378,1
364,418,1
733,781,1
724,851,1
1375,1446,1
721,903,1
717,717,1
755,824,1
374,456,1
1365,1365,1
387,469,1
1280,1280,1
400,400,1
1280,720,1
785,848,1
411,501,1
800,693,1
655,602,1
405,484,1
605,613,1
850,745,1
414,496,1
600,605,1
447,251,1
450,446,1
450,504,1
513,522,1
452,509,1
453,496,1
507,362,1
507,340,1
750,750,1
940,900,1
926,649,1
469,470,1
470,432,1
470,508,1
504,488,1
485,510,1
900,741,1
503,369,1
494,600,1
497,320,1
497,398,1
500,500,1
890,1075,1
528,528,1
446,512,1
444,506,1
420,264,1
600,600,1
600,519,1
600,450,1
1275,1427,1
416,489,1
502,513,1
416,512,1
850,872,1
417,424,1
590,332,1
562,592,1
1000,583,1
421,486,1
552,527,1
430,483,1
434,512,1
438,502,1
540,568,1
439,512,1
440,278,1
1024,830,1
1000,714,1
456,501,1
267,328,1
355,452,1
226,223,1
216,302,1
217,248,1
218,234,1
219,211,1
220,212,1
221,257,1
222,252,1
224,223,1
224,262,1
224,286,1
225,218,1
225,259,1
226,212,1
226,213,1
227,213,1
233,243,1
227,300,1
228,228,1
229,214,1
229,223,1
229,280,1
230,235,1
230,241,1
230,274,1
232,216,1
233,208,1
233,210,1
233,218,1
233,222,1
233,226,1
216,293,1
216,234,1
216,202,1
212,280,1
174,230,1
180,218,1
200,200,1
200,210,1
200,243,1
200,248,1
201,210,1
201,244,1
201,249,1
202,202,1
202,223,1
202,250,1
203,243,1
203,248,1
204,247,1
205,214,1
207,207,1
207,225,1
208,217,1
208,225,1
208,278,1
209,225,1
209,234,1
210,201,1
210,213,1
210,234,1
210,264,1
211,236,1
212,222,1
233,228,1
234,234,1
354,443,1
300,359,1
250,270,1
251,273,1
253,239,1
254,198,1
254,325,1
255,236,1
257,320,1
262,244,1
264,336,1
272,331,1
278,253,1
278,280,1
296,320,1
298,354,1
306,365,1
235,215,1
314,195,1
314,258,1
314,260,1
320,344,1
321,351,1
324,284,1
329,310,1
329,314,1
330,220,1
331,406,1
332,442,1
336,380,1
339,415,1
352,322,1
244,274,1
237,248,1
236,366,1
236,357,1
235,216,1
235,228,1
235,244,1
235,264,1
235,277,1
235,304,1
236,201,1
236,203,1
236,216,1
236,220,1
236,221,1
236,222,1
236,223,1
236,226,1
236,228,1
236,231,1
236,232,1
236,239,1
236,240,1
236,252,1
236,257,1
236,263,1
236,268,1
236,269,1
236,273,1
236,290,1
236,294,1
236,309,1
236,315,1
1920,1080,1
